|  4.7e-01 -1.1e-01  8.0e-02 -3.5e-18  1.1e-01 -8.0e-02 -8.5e-02  0.0e+00  0.0e+00  0.0e+00  0.0e+00  0.0e+00  8.0e-02 -6.9e-18  1.1e-01 -8.0e-02 -8.5e-02  4.0e-02  4.0e-02 -6.9e-18 -6.9e-18 -1.1e-02 -4.0e-02 -4.0e-02 -5.9e-02  0.0e+00  0.0e+00  0.0e+00  0.0e+00  0.0e+00  0.0e+00  0.0e+00  0.0e+00 |
| -1.1e-01  2.4e-01  0.0e+00  8.0e-02 -8.5e-02  1.6e-02  5.3e-02  0.0e+00  0.0e+00  0.0e+00  0.0e+00  0.0e+00  0.0e+00  8.0e-02 -8.5e-02  1.6e-02  5.3e-02  0.0e+00  0.0e+00  4.0e-02  4.0e-02 -5.9e-02  8.0e-03  8.0e-03 -5.3e-03  0.0e+00  0.0e+00  0.0e+00  0.0e+00  0.0e+00  0.0e+00  0.0e+00  0.0e+00 |
|  8.0e-02  0.0e+00  4.7e-01  1.1e-01  3.5e-18  0.0e+00  0.0e+00 -1.1e-01 -8.5e-02 -8.0e-02  0.0e+00  0.0e+00  8.0e-02  4.0e-02  4.0e-02  0.0e+00  0.0e+00  6.9e-18  1.1e-01 -3.5e-18 -1.1e-02  0.0e+00  0.0e+00  0.0e+00  0.0e+00 -8.0e-02 -8.5e-02 -4.0e-02 -5.9e-02 -4.0e-02  0.0e+00  0.0e+00  0.0e+00 |
| -3.5e-18  8.0e-02  1.1e-01  9.4e-01  1.4e-17  1.1e-01 -1.0e-17 -8.5e-02 -2.1e-01  6.9e-18 -8.5e-02 -8.0e-02  4.0e-02  1.6e-01  1.7e-18  4.0e-02  4.0e-02  5.2e-18 -1.1e-02  3.5e-18  2.1e-01  6.9e-18 -1.0e-17 -1.1e-02 -6.9e-18 -4.0e-02 -5.9e-02 -1.6e-01 -1.7e-01 -1.7e-18 -4.0e-02 -5.9e-02 -4.0e-02 |
|  1.1e-01 -8.5e-02  3.5e-18  1.4e-17  9.4e-01 -1.7e-17 -2.1e-01  8.0e-02  0.0e+00  1.1e-01 -8.0e-02 -8.5e-02  4.0e-02 -1.7e-18 -1.1e-02 -4.0e-02 -5.9e-02  1.6e-01 -3.5e-18 -1.0e-17  0.0e+00  2.1e-01 -1.6e-01 -6.9e-18 -1.7e-01  4.0e-02  4.0e-02 -1.7e-18 -3.5e-18 -1.1e-02 -4.0e-02 -4.0e-02 -5.9e-02 |
| -8.0e-02  1.6e-02  0.0e+00  1.1e-01 -1.7e-17  4.7e-01  1.4e-17  0.0e+00 -8.5e-02  8.0e-02 -1.1e-01 -1.6e-02  0.0e+00  4.0e-02 -4.0e-02  8.0e-02  8.0e-03  0.0e+00  0.0e+00  1.2e-17 -1.1e-02 -6.9e-18  3.5e-18  1.1e-01  2.1e-17  0.0e+00  0.0e+00 -4.0e-02 -5.9e-02  4.0e-02 -8.0e-02 -8.5e-02 -8.0e-03 |
| -8.5e-02  5.3e-02  0.0e+00 -1.0e-17 -2.1e-01  1.4e-17  4.7e-01  0.0e+00  8.0e-02 -8.5e-02  1.6e-02  5.3e-02  0.0e+00  4.0e-02 -5.9e-02  8.0e-03 -5.3e-03  0.0e+00  0.0e+00  1.6e-01 -5.2e-18 -1.7e-01  3.2e-02  2.1e-17  1.1e-01  0.0e+00  0.0e+00  4.0e-02  4.0e-02 -5.9e-02  8.0e-03  8.0e-03 -5.3e-03 |
|  0.0e+00  0.0e+00 -1.1e-01 -8.5e-02  8.0e-02  0.0e+00  0.0e+00  2.4e-01  5.3e-02  1.6e-02  0.0e+00  0.0e+00  0.0e+00  0.0e+00  0.0e+00  0.0e+00  0.0e+00  8.0e-02 -8.5e-02  4.0e-02 -5.9e-02  4.0e-02  0.0e+00  0.0e+00  0.0e+00  1.6e-02  5.3e-02  8.0e-03 -5.3e-03  8.0e-03  0.0e+00  0.0e+00  0.0e+00 |
|  0.0e+00  0.0e+00 -8.5e-02 -2.1e-01  0.0e+00 -8.5e-02  8.0e-02  5.3e-02  4.7e-01  2.8e-17  5.3e-02  1.6e-02  0.0e+00  0.0e+00  0.0e+00  0.0e+00  0.0e+00  4.0e-02 -5.9e-02  1.6e-01 -1.7e-01  1.2e-17  4.0e-02 -5.9e-02  4.0e-02  8.0e-03 -5.3e-03  3.2e-02  1.1e-01  0.0e+00  8.0e-03 -5.3e-03  8.0e-03 |
|  0.0e+00  0.0e+00 -8.0e-02  6.9e-18  1.1e-01  8.0e-02 -8.5e-02  1.6e-02  2.8e-17  4.7e-01 -1.6e-02 -1.1e-01  0.0e+00  0.0e+00  0.0e+00  0.0e+00  0.0e+00  4.0e-02 -4.0e-02  1.7e-18  8.7e-18 -1.1e-02 -4.0e-02  4.0e-02 -5.9e-02  8.0e-02  8.0e-03 -6.9e-18  0.0e+00  1.1e-01 -8.0e-02 -8.0e-03 -8.5e-02 |
|  0.0e+00  0.0e+00  0.0e+00 -8.5e-02 -8.0e-02 -1.1e-01  1.6e-02  0.0e+00  5.3e-02 -1.6e-02  2.4e-01  8.0e-02  0.0e+00  0.0e+00  0.0e+00  0.0e+00  0.0e+00  0.0e+00  0.0e+00  4.0e-02 -5.9e-02 -4.0e-02  8.0e-02 -8.5e-02  8.0e-03  0.0e+00  0.0e+00  8.0e-03 -5.3e-03 -8.0e-03  1.6e-02  5.3e-02  4.0e-02 |
|  0.0e+00  0.0e+00  0.0e+00 -8.0e-02 -8.5e-02 -1.6e-02  5.3e-02  0.0e+00  1.6e-02 -1.1e-01  8.0e-02  2.4e-01  0.0e+00  0.0e+00  0.0e+00  0.0e+00  0.0e+00  0.0e+00  0.0e+00  4.0e-02 -4.0e-02 -5.9e-02  8.0e-03 -8.0e-03 -5.3e-03  0.0e+00  0.0e+00  8.0e-02  8.0e-03 -8.5e-02  1.6e-02  4.0e-02  5.3e-02 |
|  8.0e-02  0.0e+00  8.0e-02  4.0e-02  4.0e-02  0.0e+00  0.0e+00  0.0e+00  0.0e+00  0.0e+00  0.0e+00  0.0e+00  4.7e-01  1.1e-01  0.0e+00  0.0e+00  0.0e+00  1.1e-01 -3.5e-18 -1.1e-02 -5.2e-18 -1.7e-18  0.0e+00  0.0e+00  0.0e+00  0.0e+00  0.0e+00  0.0e+00  0.0e+00  0.0e+00  0.0e+00  0.0e+00  0.0e+00 |
| -6.9e-18  8.0e-02  4.0e-02  1.6e-01 -1.7e-18  4.0e-02  4.0e-02  0.0e+00  0.0e+00  0.0e+00  0.0e+00  0.0e+00  1.1e-01  9.4e-01  2.8e-17  1.1e-01  0.0e+00 -1.1e-02 -3.5e-18  2.1e-01 -1.0e-17  6.9e-18 -1.1e-02 -1.7e-18 -1.7e-18  0.0e+00  0.0e+00  0.0e+00  0.0e+00  0.0e+00  0.0e+00  0.0e+00  0.0e+00 |
|  1.1e-01 -8.5e-02  4.0e-02  1.7e-18 -1.1e-02 -4.0e-02 -5.9e-02  0.0e+00  0.0e+00  0.0e+00  0.0e+00  0.0e+00  0.0e+00  2.8e-17  9.4e-01  0.0e+00 -2.1e-01 -1.7e-18  1.6e-01  0.0e+00 -2.8e-17  2.1e-01 -1.7e-18 -1.6e-01 -1.7e-01  0.0e+00  0.0e+00  0.0e+00  0.0e+00  0.0e+00  0.0e+00  0.0e+00  0.0e+00 |
| -8.0e-02  1.6e-02  0.0e+00  4.0e-02 -4.0e-02  8.0e-02  8.0e-03  0.0e+00  0.0e+00  0.0e+00  0.0e+00  0.0e+00  0.0e+00  1.1e-01  0.0e+00  4.7e-01  1.4e-17  0.0e+00  0.0e+00 -1.1e-02 -1.7e-18  0.0e+00  1.1e-01 -6.9e-18  6.9e-18  0.0e+00  0.0e+00  0.0e+00  0.0e+00  0.0e+00  0.0e+00  0.0e+00  0.0e+00 |
| -8.5e-02  5.3e-02  0.0e+00  4.0e-02 -5.9e-02  8.0e-03 -5.3e-03  0.0e+00  0.0e+00  0.0e+00  0.0e+00  0.0e+00  0.0e+00  0.0e+00 -2.1e-01  1.4e-17  4.7e-01  0.0e+00  0.0e+00 -1.7e-18  1.6e-01 -1.7e-01  0.0e+00  3.2e-02  1.1e-01  0.0e+00  0.0e+00  0.0e+00  0.0e+00  0.0e+00  0.0e+00  0.0e+00  0.0e+00 |
|  4.0e-02  0.0e+00  6.9e-18  5.2e-18  1.6e-01  0.0e+00  0.0e+00  8.0e-02  4.0e-02  4.0e-02  0.0e+00  0.0e+00  1.1e-01 -1.1e-02 -1.7e-18  0.0e+00  0.0e+00  9.4e-01  1.4e-17  2.1e-01  0.0e+00  1.4e-17  0.0e+00  0.0e+00  0.0e+00  1.1e-01  3.5e-18 -1.1e-02 -1.7e-18 -5.2e-18  0.0e+00  0.0e+00  0.0e+00 |
|  4.0e-02  0.0e+00  1.1e-01 -1.1e-02 -3.5e-18  0.0e+00  0.0e+00 -8.5e-02 -5.9e-02 -4.0e-02  0.0e+00  0.0e+00 -3.5e-18 -3.5e-18  1.6e-01  0.0e+00  0.0e+00  1.4e-17  9.4e-01  0.0e+00  2.1e-01 -1.4e-17  0.0e+00  0.0e+00  0.0e+00 -6.9e-18 -2.1e-01 -5.2e-18 -1.7e-01 -1.6e-01  0.0e+00  0.0e+00  0.0e+00 |
| -6.9e-18  4.0e-02 -3.5e-18  3.5e-18 -1.0e-17  1.2e-17  1.6e-01  4.0e-02  1.6e-01  1.7e-18  4.0e-02  4.0e-02 -1.1e-02  2.1e-01  0.0e+00 -1.1e-02 -1.7e-18  2.1e-01  0.0e+00  1.9e+00  1.4e-17  2.8e-17  2.1e-01  0.0e+00  1.4e-17 -1.1e-02 -1.7e-18  2.1e-01  0.0e+00  0.0e+00 -1.1e-02 -1.7e-18 -5.2e-18 |
| -6.9e-18  4.0e-02 -1.1e-02  2.1e-01  0.0e+00 -1.1e-02 -5.2e-18 -5.9e-02 -1.7e-01  8.7e-18 -5.9e-02 -4.0e-02 -5.2e-18 -1.0e-17 -2.8e-17 -1.7e-18  1.6e-01  0.0e+00  2.1e-01  1.4e-17  1.9e+00  5.6e-17  0.0e+00  2.1e-01 -3.1e-17 -3.5e-18 -1.7e-01 -1.7e-17 -4.3e-01  3.5e-18 -5.2e-18 -1.7e-01 -1.6e-01 |
| -1.1e-02 -5.9e-02  0.0e+00  6.9e-18  2.1e-01 -6.9e-18 -1.7e-01  4.0e-02  1.2e-17 -1.1e-02 -4.0e-02 -5.9e-02 -1.7e-18  6.9e-18  2.1e-01  0.0e+00 -1.7e-01  1.4e-17 -1.4e-17  2.8e-17  5.6e-17  1.9e+00 -1.0e-17 -2.8e-17 -4.3e-01 -3.5e-18  1.6e-01  6.9e-18  0.0e+00  2.1e-01 -3.5e-18 -1.6e-01 -1.7e-01 |
| -4.0e-02  8.0e-03  0.0e+00 -1.0e-17 -1.6e-01  3.5e-18  3.2e-02  0.0e+00  4.0e-02 -4.0e-02  8.0e-02  8.0e-03  0.0e+00 -1.1e-02 -1.7e-18  1.1e-01  0.0e+00  0.0e+00  0.0e+00  2.1e-01  0.0e+00 -1.0e-17  9.4e-01  1.4e-17  1.4e-17  0.0e+00  0.0e+00 -1.1e-02  0.0e+00 -3.5e-18  1.1e-01 -6.9e-18  0.0e+00 |
| -4.0e-02  8.0e-03  0.0e+00 -1.1e-02 -6.9e-18  1.1e-01  2.1e-17  0.0e+00 -5.9e-02  4.0e-02 -8.5e-02 -8.0e-03  0.0e+00 -1.7e-18 -1.6e-01 -6.9e-18  3.2e-02  0.0e+00  0.0e+00  0.0e+00  2.1e-01 -2.8e-17  1.4e-17  9.4e-01  4.2e-17  0.0e+00  0.0e+00 -3.5e-18 -1.7e-01  1.6e-01 -1.0e-17 -2.1e-01 -3.2e-02 |
| -5.9e-02 -5.3e-03  0.0e+00 -6.9e-18 -1.7e-01  2.1e-17  1.1e-01  0.0e+00  4.0e-02 -5.9e-02  8.0e-03 -5.3e-03  0.0e+00 -1.7e-18 -1.7e-01  6.9e-18  1.1e-01  0.0e+00  0.0e+00  1.4e-17 -3.1e-17 -4.3e-01  1.4e-17  4.2e-17  9.4e-01  0.0e+00  0.0e+00 -3.5e-18  1.6e-01 -1.7e-01  6.9e-18  3.2e-02  1.1e-01 |
|  0.0e+00  0.0e+00 -8.0e-02 -4.0e-02  4.0e-02  0.0e+00  0.0e+00  1.6e-02  8.0e-03  8.0e-02  0.0e+00  0.0e+00  0.0e+00  0.0e+00  0.0e+00  0.0e+00  0.0e+00  1.1e-01 -6.9e-18 -1.1e-02 -3.5e-18 -3.5e-18  0.0e+00  0.0e+00  0.0e+00  4.7e-01  0.0e+00  1.1e-01  0.0e+00 -3.5e-18  0.0e+00  0.0e+00  0.0e+00 |
|  0.0e+00  0.0e+00 -8.5e-02 -5.9e-02  4.0e-02  0.0e+00  0.0e+00  5.3e-02 -5.3e-03  8.0e-03  0.0e+00  0.0e+00  0.0e+00  0.0e+00  0.0e+00  0.0e+00  0.0e+00  3.5e-18 -2.1e-01 -1.7e-18 -1.7e-01  1.6e-01  0.0e+00  0.0e+00  0.0e+00  0.0e+00  4.7e-01  0.0e+00  1.1e-01  3.2e-02  0.0e+00  0.0e+00  0.0e+00 |
|  0.0e+00  0.0e+00 -4.0e-02 -1.6e-01 -1.7e-18 -4.0e-02  4.0e-02  8.0e-03  3.2e-02 -6.9e-18  8.0e-03  8.0e-02  0.0e+00  0.0e+00  0.0e+00  0.0e+00  0.0e+00 -1.1e-02 -5.2e-18  2.1e-01 -1.7e-17  6.9e-18 -1.1e-02 -3.5e-18 -3.5e-18  1.1e-01  0.0e+00  9.4e-01  0.0e+00 -1.4e-17  1.1e-01  0.0e+00 -3.5e-18 |
|  0.0e+00  0.0e+00 -5.9e-02 -1.7e-01 -3.5e-18 -5.9e-02  4.0e-02 -5.3e-03  1.1e-01  0.0e+00 -5.3e-03  8.0e-03  0.0e+00  0.0e+00  0.0e+00  0.0e+00  0.0e+00 -1.7e-18 -1.7e-01  0.0e+00 -4.3e-01  0.0e+00  0.0e+00 -1.7e-01  1.6e-01  0.0e+00  1.1e-01  0.0e+00  9.4e-01  4.2e-17  0.0e+00  1.1e-01  3.2e-02 |
|  0.0e+00  0.0e+00 -4.0e-02 -1.7e-18 -1.1e-02  4.0e-02 -5.9e-02  8.0e-03  0.0e+00  1.1e-01 -8.0e-03 -8.5e-02  0.0e+00  0.0e+00  0.0e+00  0.0e+00  0.0e+00 -5.2e-18 -1.6e-01  0.0e+00  3.5e-18  2.1e-01 -3.5e-18  1.6e-01 -1.7e-01 -3.5e-18  3.2e-02 -1.4e-17  4.2e-17  9.4e-01 -1.4e-17 -3.2e-02 -2.1e-01 |
|  0.0e+00  0.0e+00  0.0e+00 -4.0e-02 -4.0e-02 -8.0e-02  8.0e-03  0.0e+00  8.0e-03 -8.0e-02  1.6e-02  1.6e-02  0.0e+00  0.0e+00  0.0e+00  0.0e+00  0.0e+00  0.0e+00  0.0e+00 -1.1e-02 -5.2e-18 -3.5e-18  1.1e-01 -1.0e-17  6.9e-18  0.0e+00  0.0e+00  1.1e-01  0.0e+00 -1.4e-17  4.7e-01  1.4e-17  0.0e+00 |
|  0.0e+00  0.0e+00  0.0e+00 -5.9e-02 -4.0e-02 -8.5e-02  8.0e-03  0.0e+00 -5.3e-03 -8.0e-03  5.3e-02  4.0e-02  0.0e+00  0.0e+00  0.0e+00  0.0e+00  0.0e+00  0.0e+00  0.0e+00 -1.7e-18 -1.7e-01 -1.6e-01 -6.9e-18 -2.1e-01  3.2e-02  0.0e+00  0.0e+00  0.0e+00  1.1e-01 -3.2e-02  1.4e-17  4.7e-01  1.6e-01 |
|  0.0e+00  0.0e+00  0.0e+00 -4.0e-02 -5.9e-02 -8.0e-03 -5.3e-03  0.0e+00  8.0e-03 -8.5e-02  4.0e-02  5.3e-02  0.0e+00  0.0e+00  0.0e+00  0.0e+00  0.0e+00  0.0e+00  0.0e+00 -5.2e-18 -1.6e-01 -1.7e-01  0.0e+00 -3.2e-02  1.1e-01  0.0e+00  0.0e+00 -3.5e-18  3.2e-02 -2.1e-01  0.0e+00  1.6e-01  4.7e-01 |
